0.00000000
0.14139999
0.28279999
0.42420000
0.56559998
0.70699996
0.84840000
0.98979998
1.13119996
1.27259994
1.41399992
1.55539989
1.69679999
1.83819997
1.97959995
2.12099981
2.26239991
2.40380001
2.54519987
2.68659997
2.82799983
2.96939993
3.11079979
3.25219989
3.39359999
3.53499985
3.67639995
3.81779981
3.95919991
4.10059977
4.24199963
4.38339996
4.52479982
4.66619968
4.80760002
4.94899988
5.09039974
5.23179960
5.37319994
5.51459980
5.65599966
5.79740000
5.93879986
6.08019972
6.22159958
6.36299992
6.50439978
6.64579964
6.78719997
6.92859983
7.06999969
7.21139956
7.35279989
7.49419975
7.63559961
7.77699947
7.91839981
8.05980015
8.20119953
8.34259987
8.48399925
8.62539959
8.76679993
8.90819931
9.04959965
9.19099998
9.33239937
9.47379971
9.61520004
9.75659943
9.89799976
10.03939915
10.18079948
10.32219982
10.46359921
10.60499954
10.74639988
10.88779926
11.02919960
11.17059994
11.31199932
11.45339966
11.59480000
11.73619938
11.87759972
12.01899910
12.16039944
12.30179977
12.44319916
12.58459949
12.72599983
12.86739922
13.00879955
13.15019989
13.29159927
13.43299961
13.57439995
13.71579933
13.85719967
13.99859905
